60 145.444580 2706.833252 3414.538574 7.920193 3.101181 -4.000000 1
95 137.606934 2763.694824 4721.454102 11.362679 6.579571 -34.000000 1
47 165.208496 2767.361816 3864.741699 4.577953 3.326495 -14.000000 1
48 52.311279 2572.666748 771.847351 10.781807 2.079242 -14.000000 1
107 21.611084 2627.981201 667.401306 14.869969 7.891076 -113.648743 1
45 47.965820 2748.600098 539.306702 5.147529 3.304718 -29.509773 1
91 40.685791 2740.373535 419.552490 15.817264 3.881293 -97.748611 1
35 -12.576904 2513.314209 369.815582 9.192110 1.648843 -16.754887 1
47 -2.439453 2534.914795 339.609680 6.712407 2.965959 -23.509775 1
31 10.746094 2729.516113 928.249695 7.476213 2.573681 -8.000000 1
51 31.122314 2462.431396 203.578598 8.627115 2.906761 -40.529324 1
68 25.729248 2458.896973 265.798218 16.308502 4.338395 -57.509773 1
49 22.969727 2484.142822 135.306198 8.175622 3.245551 -41.774437 1
41 9.309570 2701.073242 659.580200 5.773023 3.552319 -17.509775 1
95 66.724365 2646.536865 1470.248901 16.816210 6.618056 -46.264660 1
70 -2.829346 2503.157227 385.789886 7.308293 6.032510 -43.774437 1
60 32.783691 2494.449951 202.014145 8.808759 4.307113 -56.264660 1
58 32.979736 2500.172363 283.625244 9.811027 3.092634 -45.019547 1
56 28.205322 2620.767822 299.642548 8.245801 5.870454 -42.264664 1
36 -9.642822 2771.638916 772.286377 8.261686 2.084809 -8.754888 1
54 118.204346 2793.185303 2120.039551 8.072348 2.857218 -18.000000 1
77 32.399902 3159.025879 398.960327 14.305234 3.864590 -59.019550 1
46 5.403320 2502.326172 185.611099 8.056829 2.757255 -32.264664 1
37 7.287842 2534.810791 568.207520 7.329498 1.735030 -8.000000 1
20 24.706299 2638.649902 338.927490 4.815959 1.015366 -10.754888 1
38 32.214355 2532.710449 236.942505 7.259098 2.923133 -26.364529 1
76 36.798828 3052.105225 615.199402 12.726698 3.662332 -64.893852 1
22 -19.428467 2524.818115 202.512436 2.672844 1.227557 -8.000000 1
45 10.479980 3071.088867 485.547577 8.337528 1.944643 -19.509775 1
47 23.185303 2475.000000 159.489365 7.007241 2.994824 -37.019550 1
71 17.991699 2507.971924 320.337189 20.562302 3.048541 -56.264660 1
64 27.692139 3131.921875 534.196838 15.247727 3.904548 -45.284210 1
41 31.964355 2636.804932 445.620422 7.037224 3.384031 -18.754887 1
48 15.023926 2531.916748 296.201447 7.788258 2.718206 -25.509775 1
39 35.107178 3115.820557 619.736816 7.002040 3.333826 -12.754888 1
33 -8.047607 2588.939453 215.935837 6.441086 1.269330 -19.509775 1
72 16.750000 2630.611084 112.543289 10.840749 4.983167 -92.039101 1
60 25.285645 2636.083252 238.209747 18.186142 3.150990 -44.264660 1
65 44.722168 2729.369141 398.817902 9.017594 4.258275 -39.509773 1
55 23.821533 2686.072754 365.158112 14.882113 2.268857 -40.264664 1
56 30.770264 2728.517822 340.142670 11.711767 3.560245 -38.264660 1
49 21.736084 2746.857178 352.652954 8.921318 4.360178 -29.509773 1
89 16.669678 2338.696533 87.357483 8.418783 7.987642 -145.564880 1
44 29.625000 2385.136475 182.708618 5.839278 3.427394 -35.774437 1
82 27.531738 2341.353760 128.570007 11.108545 6.142898 -116.503502 1
63 7.781982 2318.238037 34.149643 10.745287 5.101010 -111.973999 1
107 24.380127 2409.831787 176.308044 12.760737 10.675664 -162.932953 1
50 15.960449 2529.360107 855.910339 11.903059 3.695983 -19.509775 1
49 23.700684 2555.714355 303.959351 10.042829 2.914819 -30.264660 1
45 36.208984 2499.000000 300.577789 7.247798 2.244832 -24.264662 1
32 16.418457 2536.875000 242.234375 6.013492 1.523328 -12.000000 1
52 31.555664 2516.865479 366.462708 12.743758 2.214092 -28.000000 1
34 21.653809 2575.176514 206.321869 13.073045 1.045429 -19.509775 1
30 -5.211182 2502.533447 88.982254 6.524998 1.945967 -15.509775 1
58 26.301514 2617.706787 283.552094 8.609558 4.705282 -39.509773 1
34 14.875000 2477.794189 128.928238 7.148381 2.540639 -20.264662 1
80 31.442139 2874.962402 554.985962 9.333555 7.272039 -67.774437 1
80 23.131592 2461.737549 151.343658 14.272025 4.251059 -102.629196 1
51 99.222168 2615.196045 1931.412354 5.967640 3.294078 -14.754888 1
76 109.771973 2811.539551 1561.090942 9.528214 4.886020 -31.509773 1
164 94.444336 2177.073242 7037.520020 18.127747 11.314369 -114.039101 1
91 1188.021729 3111.989014 715960.562500 15.129962 5.245034 -69.774437 1
72 21.854736 2250.930664 170.425781 18.287800 2.725374 -82.238838 1
73 27.692383 2273.260254 367.288330 14.924280 3.253166 -58.264660 1
77 28.195557 2275.012939 317.701141 11.730184 9.483420 -62.039093 1
61 17.763916 2257.327881 139.400665 13.992343 3.927326 -64.629189 1
75 23.064941 2252.813232 255.005112 11.862718 5.611722 -72.529320 1
50 10.328613 2284.219971 143.091568 17.131224 1.989657 -46.264664 1
40 19.982178 2287.675049 184.419312 8.264573 2.781961 -40.264660 1
83 28.018555 2349.060303 433.936127 19.766460 4.634978 -75.119415 1
58 51.010986 2376.241455 868.665833 11.739075 2.222501 -34.754887 1
56 43.948486 2339.232178 827.999634 14.614418 2.465439 -35.019547 1
52 19.073486 2319.519287 283.518921 11.361352 3.638863 -39.019550 1
43 22.973389 2333.023193 248.208740 9.105155 4.190042 -24.754887 1
63 22.222168 2312.952393 190.934250 13.634133 6.986777 -82.338699 1
58 34.555664 2233.103516 354.679016 6.647442 4.143997 -40.629189 1
44 36.036377 2436.022705 693.976929 11.409278 2.118791 -14.754888 1
51 24.928467 2242.353027 144.189087 9.869701 2.343994 -37.509773 1
18 40.732178 2494.277832 664.311707 4.285663 0.900203 -4.000000 1
41 19.858887 2314.731689 174.245026 6.530098 5.222986 -28.264662 1
50 121.927979 2917.219971 3467.491211 9.262733 3.845289 -6.000000 1
77 174.542969 2886.792236 4795.152832 16.676142 3.168973 -26.264662 1
49 100.028809 2560.775391 1061.929443 5.752118 2.744651 -14.000000 1
64 129.060547 2688.234375 4454.715332 8.760229 3.516806 -18.754887 1
39 126.642578 2955.102539 5374.553223 6.716193 1.624244 -4.000000 1
54 88.627197 2671.592529 1481.167236 6.314943 3.741304 -22.754887 1
78 122.032959 2640.730713 2715.940186 13.149820 3.959830 -30.000000 1
59 1145.922974 2077.389893 619880.250000 15.856976 2.375559 -8.000000 1
22 30.985352 2738.590820 359.514496 3.066124 1.961715 -6.000000 1
61 33.128662 2711.360596 250.624008 9.399534 5.538363 -49.019550 1
42 27.027832 2682.666748 441.507996 9.534755 2.223140 -8.754888 1
53 26.093750 2159.867920 185.397675 9.282899 3.638344 -49.119415 1
106 43.335205 2541.679199 564.557617 17.735235 9.571755 -101.648743 1
62 39.111084 2276.693604 531.309509 6.855871 6.677334 -41.019550 1
63 48.116211 2406.555664 527.929382 10.078647 8.206620 -36.000000 1
94 20.296631 2117.712646 131.992004 10.415462 7.273846 -132.254852 1
83 32.327881 2220.578369 210.075256 17.173426 4.586153 -92.238831 1
90 58.768555 2453.877686 1109.862549 8.544675 7.432573 -57.119411 1
55 16.881348 2122.981934 69.654198 10.755274 2.058617 -77.425926 1
73 35.991699 2575.794434 474.519409 10.601385 5.394068 -57.774433 1
75 22.492188 2197.199951 105.226715 15.284068 4.036489 -92.793991 1
68 -1.397461 1857.985352 346.896729 13.306424 4.304760 -65.425919 1
86 28.490234 2067.162842 538.462097 14.345163 5.725906 -74.039101 1
49 13.000000 2606.693848 521.681702 6.578722 3.546407 -28.754887 1
108 13.031006 2431.435303 279.819977 13.700754 7.152323 -140.909866 1
48 23.474365 2350.125000 381.234375 9.955349 6.340662 -30.264662 1
30 -7.436523 2176.133301 135.448929 5.514798 1.784027 -20.264662 1
45 29.236084 2536.244385 169.962418 4.841975 3.295891 -30.264662 1
52 34.406250 2309.673096 573.489197 8.416998 3.695622 -51.874302 1
53 28.526855 2592.641602 178.192276 7.610492 4.046090 -46.264660 1
47 27.758301 2576.574463 242.499710 8.526733 2.588661 -32.264664 1
18 25.115967 2588.500000 604.583313 6.283204 0.712623 -2.000000 1
33 23.809570 2618.636475 184.534454 5.283326 1.745931 -15.509775 1
100 25.157959 2601.169922 400.401337 16.630829 9.258366 -101.648750 1
33 23.083252 2116.394043 112.117546 9.198127 1.176279 -12.754888 1
75 23.500000 2194.080078 271.326965 15.565579 6.822362 -64.529327 1
51 23.571533 2103.196045 93.294853 6.164737 4.117782 -62.364529 1
96 21.688721 2109.135498 120.637932 11.444338 10.814352 -154.642456 1
54 20.036865 2154.666748 131.888840 10.702780 3.432971 -58.729057 1
45 7.261719 2187.399902 329.840179 8.047345 2.560750 -23.509775 1
93 31.100098 2662.924805 717.338318 17.721006 4.066846 -69.774437 1
34 29.449707 2683.705811 686.854797 9.788198 1.789116 -16.754887 1
67 14.155518 2103.462646 253.173996 15.725905 5.480627 -50.364529 1
50 26.750000 2082.500000 196.369995 9.233461 3.154131 -41.019550 1
95 11.642090 2062.410645 161.989502 11.535610 8.749340 -149.483948 1
25 98.250000 2748.120117 1469.065308 4.303862 1.038847 -2.000000 1
31 17.642822 2227.516113 159.927185 4.803719 1.596951 -14.754888 1
126 28.392578 2239.428467 269.800385 18.492865 9.394034 -171.032806 1
87 16.394287 2247.563232 117.648315 19.479012 4.368398 -120.868027 1
43 18.135010 2241.325684 174.265991 7.185495 3.373813 -37.019550 1
59 25.708984 2228.610107 189.593750 13.444266 2.426103 -49.019550 1
94 30.965332 2231.648926 319.674713 13.226666 9.627189 -99.648743 1
76 18.288818 2233.934326 156.114029 12.286176 5.278121 -90.529327 1
50 29.468750 2337.379883 505.515747 10.972739 3.584985 -26.264662 1
32 21.118896 2298.187500 186.902344 6.765699 2.381015 -20.000000 1
46 18.967773 2396.021729 171.847366 10.131648 4.224032 -48.529324 1
37 0.666748 2281.432373 324.894104 9.838899 1.309018 -18.754887 1
63 37.361084 2483.650879 423.814484 9.879062 3.610347 -41.019550 1
30 36.214355 2496.566650 287.578979 4.827289 1.853390 -12.000000 1
57 36.475098 2545.543945 471.756592 13.371940 3.053006 -33.509773 1
85 139.222168 2894.399902 3819.980957 9.862732 5.902199 -34.754887 1
41 26.307617 2293.048828 151.265961 6.002690 4.529314 -24.754887 1
65 26.821533 2304.061523 313.042450 5.775769 5.268573 -45.019547 1
60 29.531250 2284.016602 336.082886 14.765168 2.037413 -39.774437 1
58 16.300293 2366.396484 180.377258 8.084563 4.596702 -48.264660 1
69 28.865479 2350.565186 466.970490 7.454209 6.327495 -38.264664 1
75 33.617676 2371.639893 424.923767 18.763502 5.139202 -57.874302 1
81 20.712646 2169.395020 177.621857 18.712132 4.602119 -94.893852 1
80 33.398926 2160.037598 328.210999 18.971169 3.269233 -90.303772 1
42 25.071533 2163.952393 148.188202 4.899507 4.669353 -35.019547 1
33 17.760010 2112.333252 205.919128 13.480672 1.489125 -27.609640 1
71 137.464600 2526.816895 5408.205566 8.389003 4.573267 -18.000000 1
47 110.299561 2445.489258 1920.463257 6.275792 2.375107 -22.754887 1
40 121.952393 2467.449951 2723.047363 5.033364 2.117305 -2.000000 1
138 183.668457 2765.645020 5916.069824 17.330364 9.965622 -58.754887 1
81 262.933350 2801.135742 7814.489258 8.215150 5.245604 -16.754887 1
66 24.465820 2205.954590 144.770599 7.611740 4.703727 -78.629189 1
50 30.600830 2326.320068 203.297623 6.533739 4.464713 -39.509773 1
57 18.975098 2214.035156 145.472549 9.451206 7.271988 -55.774433 1
67 81.697998 2224.791016 197.150391 15.794745 2.943257 -67.384079 1
40 13.307617 2238.149902 87.127487 6.853286 2.682274 -37.509773 1
43 25.458496 2187.046631 206.927933 5.373013 2.940641 -32.754887 1
51 33.444336 2277.549072 307.659363 9.653688 3.958516 -44.529324 1
77 29.108887 2155.350586 206.331665 9.856722 6.057587 -86.138969 1
58 43.950684 2280.810303 575.257080 8.484365 3.284600 -24.754887 1
38 28.466553 2249.710449 201.468842 9.553699 2.879072 -18.754887 1
82 77.909668 2154.597656 106.411308 8.695213 6.334277 -115.523056 1
88 76.333252 2180.318115 276.717010 16.213657 5.174244 -98.138962 1
30 15.864990 2134.199951 115.293365 3.664872 1.822086 -30.264662 1
61 236.634521 2755.688477 3151.328613 5.969487 4.210435 -10.000000 1
84 29.500977 2462.011963 308.964233 12.952934 9.219013 -85.748611 1
58 18.494141 2451.120605 317.761292 11.529769 4.892794 -50.364529 1
84 34.034424 2481.750000 339.282745 10.330031 9.251000 -75.384087 1
23 36.542725 2426.260986 304.888458 10.069013 0.914116 -12.000000 1
35 33.339111 2463.628662 370.404938 3.786748 2.279900 -12.000000 1
40 31.413086 2471.024902 311.074493 5.578122 2.703966 -24.264662 1
40 34.625000 2476.875000 544.009399 9.532353 7.748860 -20.754887 1
32 26.755615 2475.031250 419.967773 7.800503 1.604628 -14.000000 1
54 121.666748 2466.111084 706.209839 7.070583 3.687669 -21.509775 1
56 38.875000 2425.660645 310.402771 8.435931 3.917273 -32.754887 1
53 32.281250 2445.603760 353.295837 14.575334 1.877158 -32.754887 1
38 30.805176 2490.631592 266.495850 6.811536 2.192598 -18.000000 1
108 312.807861 3193.703613 12289.749023 11.146611 6.836015 -16.000000 1
71 244.491943 3059.323975 3525.881348 7.519154 4.909405 -29.509773 1
43 155.681152 3096.139648 4260.957031 4.239027 3.063273 -14.754888 1
82 26.477051 2872.329346 220.830750 14.916150 6.036325 -89.648743 1
55 39.962891 2977.509033 424.286316 9.010168 3.717844 -24.754887 1
63 22.010986 2945.380859 446.108856 11.530829 5.179807 -53.019547 1
80 20.990967 2804.962402 399.786072 13.922918 5.985003 -91.890312 1
66 10.838135 2809.075684 122.039711 12.875697 3.497586 -79.648735 1
69 23.959473 2817.420410 183.895828 7.310692 6.025127 -76.180817 1
46 16.101318 2795.673828 89.132820 7.413494 4.818541 -51.774433 1
69 35.955566 2860.724609 383.822876 13.741373 5.243158 -60.529324 1
82 45.266846 2902.451172 488.466797 9.906364 7.135475 -72.138969 1
46 26.163818 2865.021729 385.499481 6.735908 4.374844 -25.509775 1
45 -4.629639 2825.466553 294.426666 5.740954 3.936394 -23.509775 1
106 302.708984 2947.896240 10290.469727 10.165283 7.205681 -38.000000 1
33 153.509766 2920.848389 3710.189209 3.123301 2.167316 -4.000000 1
88 156.735596 2924.204590 4261.299805 15.835924 3.770332 -23.509773 1
43 47.270996 3393.906982 962.642517 9.668224 2.958605 -12.000000 1
51 45.308350 3338.098145 704.715759 8.072494 4.136135 -16.000000 1
22 45.294189 3387.409180 1117.514526 5.682032 0.746933 -4.754888 1
67 65.766357 3400.373047 993.010376 12.558751 5.030131 -36.754887 1
31 43.291748 3393.870850 629.531860 5.151804 3.607136 -10.000000 1
42 59.032715 3349.761963 883.705383 5.581531 2.779234 -14.000000 1
44 42.388916 3345.522705 774.840393 6.636714 5.244933 -15.509775 1
55 53.020020 3364.327393 773.892822 6.934183 4.285847 -32.754887 1
43 28.943848 3396.209229 532.211975 6.557549 4.020516 -34.000000 1
79 206.336914 2908.822754 5341.664062 7.087016 6.261456 -30.754887 1
38 121.690918 2942.368408 2721.653564 4.358988 2.618740 -8.754888 1
102 266.101318 3073.853027 9523.008789 8.960848 7.479982 -16.000000 1
32 98.349365 2974.250000 2546.437500 3.637737 2.378074 -8.000000 1
62 226.906738 3028.790283 6850.619141 6.073293 4.110510 -14.000000 1
52 151.444580 3029.173096 3418.296875 6.867094 2.933953 -12.000000 1
58 13.402832 2716.603516 107.928978 8.114418 5.162112 -57.774433 1
50 21.071533 2706.459961 248.768509 8.665076 6.121793 -38.364529 1
89 23.214355 2747.438232 104.111328 11.662764 5.977333 -151.497208 1
84 28.725098 2710.119141 358.866699 12.057197 5.282308 -68.039093 1
103 35.740479 2707.961182 275.726746 17.532005 6.465096 -123.158531 1
51 99.485840 2774.529297 266.523712 22.189718 1.470146 -33.509773 1
108 18.398926 2741.898193 212.702713 13.431507 10.759174 -145.400085 1
38 35.259277 2753.236816 480.233246 6.442843 2.719615 -14.754888 1
41 24.479980 2730.487793 172.249832 7.696434 1.772793 -30.264662 1
23 29.325439 2815.565186 787.028442 7.039701 0.905544 -6.000000 1
61 28.559082 2714.655762 228.258484 7.372413 4.859340 -61.874302 1
71 24.111084 2731.281738 209.836090 14.739433 4.426300 -77.648735 1
44 29.788818 2812.863525 606.527039 6.589197 3.500329 -27.509773 1
67 32.359619 2834.910400 551.514465 11.860100 4.374566 -47.119415 1
32 39.095947 2730.843750 364.194336 7.687459 1.038676 -12.000000 1
57 34.285645 2794.508789 376.285217 10.223791 5.561818 -38.364529 1
37 18.064697 2687.324219 189.246109 7.880249 2.897410 -30.754887 1
60 17.593750 2689.933350 84.862198 10.727573 2.769184 -75.648743 1
57 20.968750 2684.771973 151.298813 7.376585 4.558173 -67.483940 1
82 5.895752 2795.036621 384.254761 14.292591 5.343983 -80.629196 1
62 15.520752 2694.709717 209.335068 10.507390 8.891524 -57.774437 1
37 59.502441 2947.162109 603.432800 5.890130 1.870986 -12.754888 1
27 27.500000 2761.629639 431.196106 5.660375 1.347779 -8.000000 1
75 33.451416 2697.866699 317.422272 11.459811 7.396286 -69.284218 1
68 150.735596 2904.573486 3995.038086 9.218299 6.253795 -8.000000 1
100 185.784180 2864.540039 5187.509766 11.396340 5.720429 -26.000000 1
50 135.302246 2718.120117 3227.865234 4.389292 4.060900 -14.000000 1
85 191.673584 2773.188232 4229.587402 9.580775 4.899099 -34.754887 1
66 166.083252 2776.848389 4290.160156 6.294498 4.443935 -14.000000 1
114 205.842285 2831.070068 6069.013184 12.877384 7.424290 -33.509773 1
62 153.515869 2781.612793 4148.075684 6.746281 4.496804 -20.754887 1
57 139.383301 2817.263184 3353.738037 7.212111 3.448854 -14.754888 1
42 101.625000 2846.952393 2511.854980 5.026076 2.808792 -12.754888 1
107 305.264404 2980.504639 10726.549805 12.563673 5.940099 -41.509773 1
36 129.046875 2892.083252 3296.909424 3.923287 2.254029 -6.000000 1
71 265.424561 3003.295654 8834.517578 6.647275 5.046004 -18.000000 1
41 14.738281 3386.707275 478.353333 8.673120 3.950011 -16.000000 1
66 42.050049 3423.227295 927.023926 13.647818 3.431461 -35.509773 1
33 41.177734 3348.363525 901.746338 3.220692 2.604925 -4.000000 1
124 49.259277 2823.419434 601.953491 18.097767 7.571109 -142.868011 1
78 43.396240 2667.474365 716.454407 16.986614 4.359890 -49.019547 1
54 17.500000 2749.629639 563.677612 8.693361 6.355837 -16.000000 1
39 36.272705 2836.512939 317.326782 5.219368 2.244363 -14.000000 1
78 23.576172 2519.102539 236.579102 13.626948 5.012002 -90.138962 1
88 31.451416 2631.397705 261.648407 9.093073 6.060636 -85.774437 1
115 38.278809 2648.000000 352.695648 19.652363 8.083243 -130.039093 1
50 37.931152 3081.040039 477.398621 12.677820 1.591553 -24.264662 1
56 41.211670 2683.357178 558.801025 6.416969 3.985072 -33.019547 1
74 102.638184 2987.581055 2981.351074 10.817130 5.648189 -26.000000 1
87 157.384033 2982.459717 4121.812012 11.022035 6.428195 -31.509775 1
48 221.178711 2963.854248 3389.249756 6.414253 4.164028 -8.000000 1
53 22.611084 2670.245361 264.373779 12.849616 2.970140 -42.264660 1
74 23.670410 2649.891846 238.853119 14.511426 4.225942 -70.264664 1
90 44.541992 2697.511230 488.294281 10.552771 6.652165 -74.039101 1
77 19.820068 2644.025879 195.557922 16.028637 5.368137 -94.303757 1
62 11.621094 2654.500000 334.185486 6.890339 5.218364 -59.874302 1
59 190.259277 2845.050781 5617.710938 6.662886 3.634325 -6.000000 1
103 166.844482 2983.543701 4048.364990 18.092308 4.932370 -33.509773 1
95 201.416748 2951.399902 6776.513672 12.380238 4.912773 -34.754887 1
44 30.846191 2666.477295 196.613174 5.401524 3.893385 -34.264664 1
70 19.125000 2653.314209 376.844147 8.011052 5.162094 -65.019547 1
55 35.000000 2703.090820 329.682556 8.887601 4.307418 -41.019550 1
59 31.750000 2661.423828 254.345932 8.159313 5.576886 -49.509773 1
50 25.899902 2650.439941 292.846283 8.056670 3.719235 -45.284210 1
38 18.500000 2728.447266 270.142059 10.021480 1.120230 -18.754887 1
46 4.537109 2671.978271 138.890839 8.867671 2.608885 -32.264664 1
66 40.450928 2780.772705 369.175507 9.819984 3.627100 -56.529324 1
36 23.065430 2732.444336 656.246826 8.484275 1.115334 -12.754888 1
35 32.798096 2699.000000 285.600006 5.153187 1.880365 -18.754887 1
55 28.666504 2688.345459 449.353363 8.432302 4.703859 -42.264660 1
55 31.909180 2710.272705 291.507477 7.096598 5.107776 -44.754887 1
21 25.357178 2682.523926 148.058945 2.358840 1.243463 -4.000000 1
69 10.204102 2707.492676 148.365921 12.390391 4.172561 -77.774437 1
88 12.754883 2744.090820 221.696182 10.169988 5.745863 -107.258392 1
63 109.875000 2830.793701 5130.831055 13.069899 5.535658 -16.754887 1
23 17.269775 2603.304443 244.211746 8.230050 1.275803 -12.000000 1
40 22.311035 2840.699951 292.759949 11.146290 1.894411 -18.754887 1
47 20.854248 2919.595703 323.942932 14.298598 1.471320 -32.000000 1
77 6.916748 2755.922119 526.903076 16.906593 5.680558 -60.629192 1
71 266.831543 2893.704346 11288.997070 7.624812 4.209845 -10.000000 1
54 33.106445 2592.907471 353.158173 9.975359 1.999950 -42.529324 1
39 32.607178 2590.692383 601.494812 7.032182 3.948264 -14.000000 1
69 47.444580 2623.130371 996.374451 14.212141 4.132527 -38.754887 1
52 21.728027 2695.884521 952.294495 13.581334 1.847287 -18.754887 1
43 22.226807 2664.767334 332.411072 13.557535 1.333896 -16.000000 1
42 23.910645 2680.880859 307.057373 5.023197 3.413777 -16.754887 1
69 35.602295 2603.811523 353.660004 12.818999 5.491545 -59.774437 1
60 50.444336 2663.250000 550.720825 9.096989 4.626678 -34.754887 1
52 29.100098 2688.442383 429.477264 22.517117 1.296571 -26.754887 1
89 19.755371 2658.977539 520.943359 10.026664 7.232076 -66.529327 1
53 41.771973 2558.603760 767.371338 15.406100 2.139052 -16.754887 1
37 29.780029 2603.810791 268.099304 5.960080 3.435847 -19.509775 1
99 26.010010 2578.484863 712.714661 18.861341 6.710182 -79.119415 1
43 21.500000 2718.534912 536.574280 6.539340 4.353283 -12.754888 1
76 29.770508 2653.263184 583.141113 12.052017 6.788612 -53.019550 1
42 13.544189 2619.833252 390.281616 10.082255 4.464201 -19.509775 1
33 34.025635 2677.000000 534.606079 8.664861 1.575494 -15.509775 1
98 40.653320 2648.204102 657.346130 14.222000 6.817905 -87.284218 1
75 32.560547 2536.013428 506.653137 14.208393 4.850130 -45.509773 1
40 39.941650 2623.574951 469.244385 7.390879 2.648977 -10.000000 1
58 170.607178 2716.086182 6395.079102 7.072177 3.484338 -12.000000 1
96 364.595947 2889.041748 16006.139648 10.147018 5.763552 -12.000000 1
59 38.345947 3100.118652 415.087433 7.326974 5.079553 -38.264664 1
25 35.666748 3103.479980 685.049622 5.439601 0.942757 -4.000000 1
43 32.150879 3050.860352 535.282898 5.634118 3.970317 -14.000000 1
30 20.049805 2372.100098 201.023376 6.258437 1.760358 -17.509775 1
44 -11.640869 2374.636475 74.004120 5.000518 3.409991 -48.754887 1
92 36.466797 2833.097900 423.023041 18.325075 4.381906 -110.809998 1
63 18.877197 2345.746094 81.903740 7.364034 5.967786 -83.790459 1
32 29.093262 2972.781250 528.795898 5.956721 1.550433 -12.754888 1
38 22.199951 2316.736816 92.667610 4.174113 2.425760 -22.264662 1
61 12.644287 2384.836182 49.940353 8.950846 3.348447 -106.180817 1
52 21.332275 2389.980713 235.518860 19.201094 2.960333 -29.509775 1
34 29.027100 2685.941162 342.349518 5.214520 2.580964 -14.000000 1
70 21.500000 2368.985596 316.471252 18.409380 2.373069 -61.284210 1
56 25.393799 2376.767822 242.321045 10.712316 5.008684 -47.874302 1
44 48.274414 2998.522705 724.203979 7.052742 2.459049 -8.000000 1
108 16.474365 2402.546387 391.821808 13.217774 9.157014 -138.377808 1
28 88.133301 2609.035645 1621.463135 2.459451 2.074710 -8.000000 1
50 92.500000 2660.120117 1736.425781 6.584764 2.617144 -8.000000 1
55 70.890137 2640.199951 1678.959839 9.644031 6.373109 -17.509775 1
109 28.136475 2367.513672 161.001953 14.603385 9.244796 -155.132675 1
74 31.577881 2524.878418 563.539429 16.974834 4.508642 -51.509773 1
75 29.539551 2256.719971 142.308304 9.003437 5.118511 -92.768166 1
61 47.341797 2471.376953 949.316162 10.368498 5.698729 -27.509773 1
50 34.375000 2460.540039 905.888367 12.183232 2.957375 -18.000000 1
47 9.865479 2389.000000 44.936169 9.050797 5.618624 -63.384075 1
89 16.971436 2373.876465 94.737503 10.947095 8.084727 -144.113144 1
46 33.147705 2391.304443 384.385651 15.412050 1.520311 -16.754887 1
75 23.351562 2420.946777 232.130493 15.217135 6.957465 -89.384079 1
22 25.180908 2449.954590 295.588776 2.124174 2.083720 -10.000000 1
62 18.972168 2425.145264 288.414459 9.429491 4.322339 -61.284206 1
77 30.368896 2336.376709 266.572418 11.942168 4.819309 -70.529320 1
97 89.936523 3045.422607 1881.460571 11.650048 7.096400 -42.264660 1
86 168.550049 2821.395264 4637.750488 12.119868 4.691800 -22.754887 1
68 135.314209 2804.691162 3143.477783 10.407700 4.224384 -17.509775 1
27 12.666504 2429.777832 117.432076 5.494298 1.636477 -14.000000 1
35 16.725098 2416.885742 255.758377 7.369732 2.171730 -20.264662 1
52 30.431885 2403.326904 364.758423 15.615084 3.534470 -37.509773 1
126 28.666748 2395.364990 283.358673 15.962744 10.231228 -179.271637 1
102 25.375000 2390.009766 514.166504 16.462025 8.267353 -102.039116 1
50 19.888916 2349.399902 120.880058 11.014072 2.330971 -37.774433 1
27 24.277832 2364.740723 232.710571 3.494062 1.720650 -10.000000 1
84 19.348877 2402.607178 319.072021 16.520370 5.797927 -94.403633 1
60 35.486084 2479.333252 254.355606 9.399906 5.111113 -49.119415 1
23 27.960449 2418.130371 247.243912 3.380658 1.784920 -6.000000 1
44 98.800049 2330.840820 236.497467 7.832067 4.477005 -25.509773 1
63 24.748535 2382.984131 189.475983 8.675847 6.213164 -58.629189 1
41 29.642822 2489.658447 372.566223 5.595250 3.020498 -20.000000 1
47 47.184326 2369.616943 703.768311 12.904214 2.265995 -18.754887 1
49 23.333252 2540.795898 305.019714 7.430315 2.758409 -28.754887 1
49 4.228027 2500.224609 184.786285 9.127211 3.065592 -38.754887 1
77 164.842285 2389.181885 2985.265869 7.580972 5.785274 -22.754887 1
222 234.365234 2651.490967 7903.422852 20.397434 15.593807 -129.284225 1
116 248.582031 2672.724121 6104.992676 15.109284 5.866416 -53.019547 1
124 29.077148 2150.024170 322.620483 16.806780 7.303880 -175.929413 1
87 16.778809 2088.252930 95.062500 14.612986 4.351271 -137.058655 1
56 13.179688 2143.750000 179.330353 8.369943 3.841912 -55.019547 1
25 45.526367 2468.360107 775.110413 7.264638 0.697384 -2.000000 1
79 43.411621 2174.329102 386.093781 12.096268 5.672188 -74.264664 1
64 19.544434 2106.265625 173.601135 11.066619 2.800150 -64.629189 1
120 34.908691 2169.733398 283.545319 16.582445 9.786769 -169.887573 1
58 19.095215 2161.982666 197.706589 9.717608 3.126646 -48.529324 1
84 28.220215 2062.261963 137.050568 14.234674 5.237307 -118.277946 1
25 -3.949951 2088.560059 181.206421 6.963607 1.613352 -16.000000 1
65 36.514893 2466.738525 1271.916504 13.646403 4.826690 -37.509773 1
40 -8.000000 2090.850098 78.977493 6.610233 2.762635 -33.774437 1
54 18.942383 2076.148193 75.496582 14.128891 3.919163 -63.384075 1
93 32.943359 2190.978516 336.837860 14.695815 7.782422 -88.529327 1
33 27.608643 2085.363525 218.170776 5.019096 2.881541 -20.754887 1
57 34.707031 2191.192871 434.296021 7.086131 4.508941 -35.019550 1
55 111.611084 2510.945557 2940.815430 7.696987 2.723760 -10.000000 1
38 89.649902 2456.315674 1411.373901 6.802379 1.379967 -8.000000 1
47 232.386719 2520.531982 2719.270020 8.336831 2.139724 -12.754888 1
49 160.383789 2665.469482 3395.065430 4.828531 3.303148 -14.000000 1
52 88.486816 2773.134521 1989.193359 10.018856 2.384209 -26.754887 1
42 83.678467 2677.214355 2036.073242 7.724700 3.296894 -13.509775 1
39 142.060059 2669.923096 985.506897 5.516097 2.384078 -8.000000 1
41 124.752441 2766.438965 3376.978271 5.235459 2.280901 -4.000000 1
51 132.791748 2524.803955 2788.980957 6.229582 2.951309 -20.264662 1
34 243.543701 2469.617676 2636.824219 4.604034 1.621449 -4.000000 1
64 107.797363 2861.531250 3602.967041 14.711289 2.877677 -25.509775 1
69 162.017334 2603.318848 3986.971436 8.296866 4.359956 -16.000000 1
33 216.928467 2574.272705 2146.440918 5.604484 1.736502 -13.509775 1
67 29.396973 1930.791016 736247.375000 9.163224 3.804580 -40.264664 1
100 26.824219 2375.679932 224.497574 15.677286 8.969442 -125.132713 1
96 28.122803 2296.104248 188.989182 16.895994 7.150542 -112.768166 1
43 20.480713 2295.697754 244.629608 10.068287 3.176830 -16.754887 1
95 14.693604 2284.515869 187.239304 17.183165 8.626765 -145.251297 1
97 8.068115 2312.659912 210.884155 15.681345 5.106424 -132.213013 1
79 33.770508 2373.519043 413.160858 23.748615 3.512596 -65.774429 1
94 16.426025 2459.616943 206.704407 17.044622 7.549204 -136.419632 1
87 20.178955 2316.816162 167.345490 11.392608 6.578126 -106.039101 1
72 27.256348 2333.333252 238.555527 11.266592 6.689017 -76.629189 1
51 144.597168 2599.764648 3749.317139 6.240566 2.709462 -6.000000 1
60 155.790527 2601.399902 2572.106201 7.529227 3.293375 -12.754888 1
41 130.972168 2513.780518 4333.927246 4.688578 2.331898 -4.000000 1
46 116.133301 2472.695557 2237.254883 5.321659 3.170719 -14.000000 1
56 213.300049 2600.321533 6416.325684 8.529499 3.007811 -12.000000 1
32 104.388672 2755.156250 1961.131470 3.662346 2.128844 -4.000000 1
50 107.259277 2885.159912 5842.973145 5.788439 3.808496 -8.000000 1
59 125.010986 2993.932129 2283.080322 10.727718 2.462268 -14.754888 1
43 8.354248 2274.325684 388.312714 4.765569 3.370540 -24.754887 1
89 33.940674 2254.483154 252.407150 16.621998 4.476876 -96.793983 1
28 30.772705 2708.214355 602.168335 10.368818 0.611715 -4.000000 1
17 25.000000 2861.058838 414.996490 2.869510 0.757762 -2.000000 1
101 23.853516 2403.039551 305.048004 12.533994 6.515567 -119.748611 1
59 20.722656 2870.423828 466.617126 11.293971 4.819207 -36.754887 1
41 25.423828 2765.487793 427.615723 12.985641 3.680046 -26.754887 1
108 16.968262 2115.111084 122.728378 18.146664 7.391887 -176.784180 1
51 21.178711 2227.176514 244.929688 7.653841 3.034804 -30.754887 1
114 270.070068 2746.473633 12841.830078 15.371654 6.236347 -22.000000 1
135 324.174072 2917.733398 10800.860352 18.257429 6.483050 -54.264660 1
99 214.151611 2810.575684 8554.039062 14.967882 4.528932 -24.000000 1
78 18.703613 2373.589844 163.831650 16.052326 6.837268 -91.384079 1
54 28.399414 2261.648193 295.635437 9.070372 3.579114 -32.754887 1
66 24.108398 2283.060547 352.360138 6.973924 4.736894 -72.770897 1
36 16.444580 2319.722168 390.367249 6.389530 1.583753 -20.754887 1
27 35.625000 2259.296387 464.652985 5.433500 1.700953 -8.000000 1
83 22.298584 2294.831299 464.718567 15.642573 7.181450 -83.748604 1
53 44.218750 2317.396240 545.673218 11.316022 3.092675 -22.754887 1
37 18.875000 2251.972900 167.431778 5.431970 3.409108 -23.509773 1
64 19.111084 2352.734375 151.163681 8.255210 7.508513 -64.529327 1
78 34.441162 2229.179443 295.608704 10.612200 4.769957 -95.648743 1
138 259.972168 2704.681152 7572.247070 19.634544 6.560910 -53.509773 1
59 141.850098 2745.644043 4485.991211 9.368667 2.666639 -10.000000 1
104 275.416748 2764.519287 9115.096680 9.602679 7.713314 -26.754887 1
62 50.282715 2907.483887 1079.281860 11.968381 6.106795 -33.774437 1
65 1.011963 2152.123047 511.338928 10.654920 6.417403 -43.019547 1
49 25.391602 2147.326416 163.036179 12.225803 1.816701 -44.264660 1
53 11.402832 1999.094360 89.406166 9.287946 4.953203 -58.138962 1
106 33.852295 2349.726318 543.972412 17.996260 8.426512 -106.039093 1
57 5.072754 2273.719238 580.096619 10.697296 3.306625 -39.509773 1
64 -8.312256 2084.609375 88.737976 13.531170 4.328986 -82.039101 1
39 -2.703613 2328.692383 568.417847 7.896809 2.083929 -18.754887 1
25 19.770752 2083.199951 95.920029 4.062164 1.372381 -16.754887 1
75 32.347900 2280.426758 492.137695 10.551050 5.007788 -70.264664 1
52 12.468750 2321.615479 482.929016 11.376886 2.507525 -27.509775 1
70 36.512207 2326.214355 328.025543 16.502348 2.993173 -62.629189 1
107 13.505859 2302.242920 358.370697 17.797831 11.149319 -132.187180 1
54 -6.714355 2205.388916 243.533890 15.553026 3.528131 -61.483944 1
70 247.004395 2712.757080 7589.356445 6.036146 5.229092 -6.000000 1
82 177.530273 2605.780518 5744.049316 9.544705 4.839748 -24.754887 1
67 37.794189 2582.104492 606.153687 13.713899 3.119931 -28.000000 1
64 34.361084 2348.312500 328.683594 7.868765 6.083416 -53.509773 1
94 22.174927 1715.861694 168.587250 15.356430 6.487362 -123.913414 1
31 23.784180 2154.677490 266.992706 5.212623 2.020504 -8.000000 1
63 14.541138 2011.539673 168.470627 14.127679 2.506049 -75.774437 1
78 210.055664 2821.807617 5066.463379 8.377558 4.887628 -8.000000 1
118 144.863281 2888.728760 4365.180664 13.647518 6.741306 -55.019547 1
78 136.503662 2919.500000 3221.173096 13.958744 3.215779 -20.000000 1
54 176.289551 2973.573975 4926.540527 5.419094 4.001809 -12.754888 1
25 -26.900024 1932.160034 57.014416 2.844799 1.453709 -16.754887 1
25 10.138916 1906.400024 33.360008 3.959966 1.038172 -19.509775 1
53 17.982178 1895.679199 92.180206 6.879084 3.255908 -50.364529 1
24 -0.385986 2008.458374 219.581558 5.654548 1.454256 -6.000000 1
31 -2.913086 1928.935425 89.866791 5.273441 3.508676 -21.509775 1
12 12.566650 2466.166748 287.138916 2.229678 0.488347 -2.000000 1
57 7.348267 1921.631592 155.425674 7.558307 4.631983 -62.629189 1
34 13.954956 1995.852905 125.478432 10.178259 1.157535 -32.364529 1
46 23.035767 1972.000000 123.826088 5.819098 3.612034 -44.264660 1
51 14.794067 1941.823486 92.498306 12.872553 4.179708 -60.529320 1
42 10.475098 2148.428467 412.054413 5.297806 3.030622 -16.754887 1
103 28.281860 2043.485474 293.744873 17.876686 7.408822 -133.132690 1
26 -11.184204 1981.076904 77.609428 4.401507 1.993815 -14.754888 1
122 323.683838 2815.623047 14590.859375 13.931916 7.539100 -44.000000 1
96 18.111084 2499.406250 511.282196 19.528404 7.946921 -80.629189 1
103 46.879639 2457.504883 534.114258 22.270731 5.163649 -96.893860 1
50 27.609863 2390.020020 125.699646 16.330997 1.300828 -41.019550 1
106 41.484375 2591.981201 539.150635 12.303678 10.336299 -128.113129 1
49 53.979248 2540.204102 476.774567 8.589985 4.116229 -26.754887 1
72 25.070068 2520.902832 260.726685 14.776604 6.869587 -60.264660 1
44 22.669678 2659.522705 469.476685 12.504352 1.720671 -23.509773 1
147 34.308838 2779.823242 786.335693 18.211281 11.250120 -159.423172 1
117 17.922119 2380.418701 125.970070 15.895976 9.135247 -206.784164 1
61 31.760742 2592.934326 282.913666 15.903142 2.402719 -52.754887 1
95 461.239502 3098.020996 22384.861328 9.704402 5.882401 -20.000000 1
18 40.091553 2742.000000 717.222229 3.036073 0.828845 -6.000000 1
82 34.757324 2506.414551 498.608521 19.221420 4.228077 -76.529327 1
20 24.246094 2292.500000 155.050003 3.483455 1.014901 -4.000000 1
88 29.644531 2339.647705 353.841827 17.509623 4.479790 -96.138969 1
28 35.087891 2610.928467 481.494781 4.553378 1.726113 -14.000000 1
45 22.787109 2416.266602 169.217865 7.785830 4.465302 -28.264662 1
35 27.717285 2321.942871 232.453857 9.962012 1.157460 -19.509775 1
35 27.807617 2329.971436 239.056396 8.932723 3.060808 -18.754887 1
22 4.420654 2489.318115 395.307800 4.561724 1.314142 -8.000000 1
53 18.197266 2591.358398 1112.833618 12.207560 3.136431 -24.754887 1
63 36.342041 2502.190430 395.487732 14.517481 2.795719 -61.483948 1
37 34.208252 2868.378418 719.586609 8.657228 1.484828 -8.000000 1
11 26.324951 2528.181885 667.239746 1.292252 0.715723 0.000000 1
53 36.190430 2491.339600 637.243225 15.814493 2.779373 -22.754887 1
81 32.388916 2442.283936 315.808411 12.136967 6.921919 -84.403633 1
48 15.127197 2398.770752 78.343307 7.168243 3.519116 -53.774437 1
48 25.666748 2434.625000 198.192703 12.822699 2.319204 -30.754887 1
